21 0.06171875 0.498828125 0.0484375 0.02578125
32 0.391796875 0.34609375 0.09921875 0.0984375
31 0.168359375 0.345703125 0.10078125 0.10078125
13 0.73046875 0.4453125 0.0515625 0.0671875
7 0.734765625 0.6625 0.06171875 0.06875
31 0.50703125 0.67109375 0.1015625 0.1015625
25 0.591796875 0.568359375 0.05859375 0.05859375
22 0.60390625 0.79140625 0.0484375 0.096875
9 0.401953125 0.563671875 0.07578125 0.05546875
5 0.953515625 0.70546875 0.04765625 0.075
8 0.953125 0.475390625 0.0484375 0.07734375
18 0.917578125 0.26328125 0.11953125 0.0359375
6 0.506640625 0.223828125 0.04765625 0.07890625
