21 0.2296875 0.76171875 0.0484375 0.025
7 0.234765625 0.1625 0.06171875 0.06875
27 0.109375 0.5140625 0.1 0.1
24 0.735546875 0.29140625 0.04140625 0.0484375
25 0.091796875 0.068359375 0.05859375 0.05859375
22 0.10390625 0.29140625 0.0484375 0.096875
31 0.89765625 0.843359375 0.0984375 0.09921875
10 0.10390625 0.72734375 0.0828125 0.065625
16 0.605859375 0.06875 0.04921875 0.0484375
6 0.673828125 0.61640625 0.04765625 0.0859375
30 0.45234375 0.84140625 0.0890625 0.0890625
5 0.453515625 0.20546875 0.04765625 0.075
