21 0.087890625 0.29140625 0.02578125 0.0484375
18 0.9046875 0.32578125 0.0359375 0.1203125
18 0.70703125 0.32578125 0.0359375 0.1203125
11 0.28984375 0.958984375 0.0640625 0.04765625
20 0.733984375 0.959375 0.05859375 0.0546875
13 0.616015625 0.39765625 0.04765625 0.0734375
21 0.615625 0.180078125 0.0484375 0.02578125
4 0.486328125 0.069921875 0.08359375 0.04921875
28 0.616015625 0.627734375 0.10546875 0.10546875
5 0.476171875 0.29140625 0.06484375 0.0484375
1 0.838671875 0.866015625 0.04765625 0.06328125
31 0.290234375 0.06875 0.10234375 0.1015625
4 0.171875 0.37421875 0.0484375 0.08125
13 0.1703125 0.650390625 0.0484375 0.06171875
