21 0.966796875 0.628125 0.02578125 0.0484375
2 0.171484375 0.326171875 0.04765625 0.07421875
4 0.1703125 0.053125 0.046875 0.084375
32 0.616015625 0.29609375 0.10234375 0.1015625
4 0.616015625 0.474609375 0.04765625 0.07109375
28 0.838671875 0.730078125 0.09765625 0.09921875
30 0.838671875 0.29140625 0.08984375 0.090625
31 0.838671875 0.069140625 0.10703125 0.10703125
28 0.068359375 0.85078125 0.09921875 0.096875
22 0.496875 0.850390625 0.0484375 0.07890625
22 0.505078125 0.627734375 0.03828125 0.09453125
