21 0.966796875 0.128125 0.02578125 0.0484375
16 0.1703125 0.705859375 0.05 0.04609375
13 0.45859375 0.573828125 0.08125 0.04921875
25 0.72734375 0.573046875 0.065625 0.06640625
8 0.838671875 0.479296875 0.04765625 0.08203125
28 0.838671875 0.230078125 0.09765625 0.09921875
8 0.0796875 0.794921875 0.0703125 0.04765625
28 0.068359375 0.35078125 0.09921875 0.096875
22 0.496875 0.350390625 0.0484375 0.07890625
22 0.505078125 0.127734375 0.03828125 0.09453125
9 0.95703125 0.790625 0.078125 0.0578125
18 0.427734375 0.717578125 0.11953125 0.03515625
