21 0.253125 0.1234375 0.025 0.0484375
23 0.779296875 0.34609375 0.11171875 0.04375
4 0.540625 0.348046875 0.0765625 0.04921875
15 0.45234375 0.443359375 0.05 0.04765625
27 0.340234375 0.56875 0.10234375 0.1015625
14 0.566796875 0.594921875 0.07734375 0.10078125
15 0.836328125 0.790625 0.04765625 0.0484375
5 0.34609375 0.790234375 0.0703125 0.04921875
23 0.11640625 0.79140625 0.1125 0.0515625
8 0.45234375 0.90546875 0.046875 0.0890625
19 0.932421875 0.280078125 0.11953125 0.03671875
12 0.37109375 0.346484375 0.075 0.04921875
