11 0.96015625 0.122265625 0.078125 0.04921875
13 0.708203125 0.12421875 0.08046875 0.0484375
5 0.2765625 0.12421875 0.0796875 0.0484375
20 0.50546875 0.569921875 0.0671875 0.05546875
6 0.176171875 0.68828125 0.04921875 0.0703125
4 0.175 0.917578125 0.046875 0.08984375
31 0.6203125 0.912890625 0.1015625 0.10234375
16 0.6203125 0.233984375 0.05 0.04765625
22 0.398046875 0.24921875 0.07109375 0.040625
29 0.398046875 0.467578125 0.10078125 0.10078125
9 0.68984375 0.566015625 0.0703125 0.05703125
3 0.173046875 0.215625 0.04921875 0.0796875
3 0.175 0.45703125 0.046875 0.0640625
15 0.3984375 0.848828125 0.0484375 0.05078125
