6 0.676171875 0.18828125 0.04921875 0.0703125
4 0.675 0.417578125 0.046875 0.08984375
17 0.740234375 0.492578125 0.03671875 0.09453125
16 0.27734375 0.51484375 0.05 0.05
26 0.675 0.61875 0.1015625 0.1015625
16 0.452734375 0.671875 0.04921875 0.0484375
16 0.674609375 0.85078125 0.04921875 0.05
1 0.453125 0.170703125 0.0484375 0.07109375
31 0.2296875 0.396875 0.1046875 0.1046875
23 0.129296875 0.959375 0.11171875 0.0609375
23 0.89765625 0.62109375 0.0453125 0.1125
15 0.8984375 0.348828125 0.0484375 0.05078125
