5 0.7765625 0.12421875 0.0796875 0.0484375
6 0.676171875 0.68828125 0.04921875 0.0703125
4 0.675 0.917578125 0.046875 0.08984375
26 0.350390625 0.123046875 0.09921875 0.09296875
22 0.898046875 0.24921875 0.07109375 0.040625
29 0.898046875 0.467578125 0.10078125 0.10078125
17 0.358203125 0.36796875 0.03515625 0.09375
1 0.453125 0.670703125 0.0484375 0.07109375
31 0.2296875 0.896875 0.1046875 0.1046875
3 0.673046875 0.215625 0.04921875 0.0796875
3 0.675 0.45703125 0.046875 0.0640625
15 0.8984375 0.848828125 0.0484375 0.05078125
