21 0.966796875 0.5140625 0.02578125 0.0484375
20 0.50546875 0.069921875 0.0671875 0.05546875
6 0.176171875 0.18828125 0.04921875 0.0703125
4 0.175 0.417578125 0.046875 0.08984375
17 0.240234375 0.492578125 0.03671875 0.09453125
24 0.843359375 0.808984375 0.03515625 0.04609375
20 0.504296875 0.73828125 0.06171875 0.059375
26 0.175 0.61875 0.1015625 0.1015625
31 0.6203125 0.412890625 0.1015625 0.10234375
9 0.68984375 0.066015625 0.0703125 0.05703125
16 0.174609375 0.85078125 0.04921875 0.05
23 0.39765625 0.62109375 0.0453125 0.1125
15 0.3984375 0.348828125 0.0484375 0.05078125
