24 0.893359375 0.282421875 0.05390625 0.05859375
12 0.138671875 0.68203125 0.07109375 0.0484375
31 0.341796875 0.682421875 0.09921875 0.09921875
10 0.216015625 0.8203125 0.06953125 0.078125
3 0.6703125 0.61171875 0.046875 0.078125
19 0.635546875 0.38984375 0.11796875 0.0359375
1 0.671484375 0.1390625 0.04921875 0.08125
21 0.113671875 0.459375 0.02578125 0.0484375
13 0.448828125 0.094140625 0.04921875 0.07265625
27 0.44765625 0.35859375 0.1015625 0.1015625
20 0.447265625 0.57421875 0.05234375 0.0640625
