15 0.11015625 0.90546875 0.0453125 0.0484375
3 0.9234375 0.905078125 0.078125 0.04765625
15 0.84296875 0.58203125 0.05 0.0453125
19 0.7296875 0.271875 0.0375 0.11875
4 0.725 0.46015625 0.0640625 0.046875
27 0.501171875 0.459765625 0.10703125 0.10703125
32 0.398046875 0.573046875 0.10078125 0.10078125
26 0.398046875 0.803515625 0.09921875 0.09921875
4 0.3046875 0.905078125 0.0703125 0.04765625
25 0.687109375 0.905078125 0.07265625 0.07265625
30 0.501171875 0.905078125 0.08671875 0.08515625
3 0.62265625 0.78515625 0.046875 0.0765625
24 0.6203125 0.599609375 0.0609375 0.03515625
15 0.620703125 0.164453125 0.05078125 0.04921875
