24 0.393359375 0.782421875 0.05390625 0.05859375
32 0.393359375 0.395703125 0.10546875 0.10546875
14 0.735546875 0.76328125 0.08828125 0.096875
4 0.920703125 0.51484375 0.07421875 0.0484375
23 0.283984375 0.5140625 0.11171875 0.0453125
16 0.614453125 0.90703125 0.05078125 0.0484375
19 0.135546875 0.88984375 0.11796875 0.0359375
1 0.171484375 0.6390625 0.04921875 0.08125
22 0.1703125 0.384765625 0.08125 0.04609375
27 0.056640625 0.29140625 0.10703125 0.10625
17 0.593359375 0.671484375 0.09296875 0.03515625
15 0.034375 0.069140625 0.04375 0.04921875
