24 0.893359375 0.782421875 0.05390625 0.05859375
32 0.893359375 0.395703125 0.10546875 0.10546875
23 0.783984375 0.5140625 0.11171875 0.0453125
19 0.635546875 0.88984375 0.11796875 0.0359375
1 0.671484375 0.6390625 0.04921875 0.08125
22 0.6703125 0.384765625 0.08125 0.04609375
27 0.556640625 0.29140625 0.10703125 0.10625
21 0.113671875 0.959375 0.02578125 0.0484375
13 0.448828125 0.594140625 0.04921875 0.07265625
27 0.44765625 0.85859375 0.1015625 0.1015625
15 0.534375 0.069140625 0.04375 0.04921875
