6 0.23046875 0.05703125 0.0484375 0.0640625
18 0.34921875 0.369921875 0.0359375 0.11796875
15 0.61015625 0.40546875 0.0453125 0.0484375
28 0.565625 0.627734375 0.1 0.10078125
27 0.787109375 0.627734375 0.09921875 0.09609375
32 0.898046875 0.073046875 0.10078125 0.10078125
26 0.898046875 0.303515625 0.09921875 0.09921875
4 0.8046875 0.405078125 0.0703125 0.04765625
15 0.898828125 0.50703125 0.05078125 0.0484375
25 0.760546875 0.850390625 0.07265625 0.07265625
11 0.148046875 0.849609375 0.07734375 0.04921875
26 0.675 0.50625 0.1 0.1
