21 0.84296875 0.75625 0.0484375 0.025
15 0.11015625 0.40546875 0.0453125 0.0484375
28 0.065625 0.627734375 0.1 0.10078125
27 0.287109375 0.627734375 0.09921875 0.09609375
27 0.735546875 0.627734375 0.10390625 0.10390625
6 0.843359375 0.5140625 0.04765625 0.0890625
3 0.9234375 0.405078125 0.078125 0.04765625
15 0.84296875 0.08203125 0.05 0.0453125
32 0.398046875 0.073046875 0.10078125 0.10078125
26 0.398046875 0.303515625 0.09921875 0.09921875
4 0.3046875 0.405078125 0.0703125 0.04765625
15 0.398828125 0.50703125 0.05078125 0.0484375
25 0.260546875 0.850390625 0.07265625 0.07265625
25 0.687109375 0.405078125 0.07265625 0.07265625
30 0.501171875 0.405078125 0.08671875 0.08515625
25 0.959765625 0.627734375 0.06015625 0.06015625
3 0.62265625 0.28515625 0.046875 0.0765625
24 0.6203125 0.099609375 0.0609375 0.03515625
26 0.175 0.50625 0.1 0.1
