32 0.393359375 0.895703125 0.10546875 0.10546875
16 0.23046875 0.1234375 0.0453125 0.05
9 0.067578125 0.11953125 0.06953125 0.0546875
22 0.1703125 0.884765625 0.08125 0.04609375
27 0.056640625 0.79140625 0.10703125 0.10625
21 0.5046875 0.1234375 0.025 0.0484375
4 0.684375 0.123828125 0.06875 0.04765625
8 0.169921875 0.193359375 0.04765625 0.06796875
17 0.9453125 0.36796875 0.0359375 0.09375
20 0.742578125 0.347265625 0.06015625 0.05390625
5 0.2859375 0.344140625 0.0625 0.04765625
15 0.034375 0.569140625 0.04375 0.04921875
