21 0.20078125 0.34609375 0.025 0.0484375
32 0.893359375 0.895703125 0.10546875 0.10546875
16 0.73046875 0.1234375 0.0453125 0.05
9 0.567578125 0.11953125 0.06953125 0.0546875
2 0.346484375 0.12265625 0.06796875 0.0484375
22 0.6703125 0.884765625 0.08125 0.04609375
27 0.556640625 0.79140625 0.10703125 0.10625
11 0.449609375 0.259765625 0.04765625 0.07890625
8 0.669921875 0.193359375 0.04765625 0.06796875
1 0.22578125 0.22421875 0.046875 0.078125
5 0.7859375 0.344140625 0.0625 0.04765625
15 0.534375 0.569140625 0.04375 0.04921875
