11 0.26328125 0.90546875 0.0765625 0.0484375
12 0.3984375 0.82421875 0.05 0.071875
12 0.397265625 0.583984375 0.04921875 0.06484375
17 0.375 0.378125 0.0921875 0.0359375
29 0.39765625 0.121875 0.103125 0.103125
22 0.76796875 0.459375 0.0359375 0.0765625
21 0.508984375 0.459375 0.02578125 0.0484375
24 0.294140625 0.459375 0.04609375 0.0359375
4 0.702734375 0.905078125 0.08359375 0.04765625
30 0.175 0.79375 0.0859375 0.0859375
17 0.523828125 0.659765625 0.03515625 0.09296875
8 0.764453125 0.68203125 0.08984375 0.0484375
15 0.619921875 0.815234375 0.04921875 0.04765625
22 0.620703125 0.515234375 0.08671875 0.03828125
