16 0.38203125 0.737890625 0.0484375 0.05078125
10 0.769140625 0.72734375 0.08203125 0.0671875
11 0.892578125 0.387890625 0.04765625 0.07890625
20 0.891796875 0.20078125 0.06015625 0.0625
31 0.670703125 0.412109375 0.10078125 0.10078125
24 0.89296875 0.8015625 0.040625 0.040625
16 0.810546875 0.95703125 0.04765625 0.0484375
3 0.08359375 0.959765625 0.0828125 0.04765625
9 0.515625 0.954296875 0.0828125 0.05859375
9 0.52890625 0.28828125 0.06875 0.0546875
14 0.7953125 0.264453125 0.090625 0.09921875
