21 0.574609375 0.06875 0.02578125 0.0484375
10 0.269140625 0.72734375 0.08203125 0.0671875
3 0.482421875 0.73671875 0.07734375 0.046875
1 0.706640625 0.737890625 0.06953125 0.04921875
11 0.392578125 0.387890625 0.04765625 0.07890625
20 0.391796875 0.20078125 0.06015625 0.0625
31 0.170703125 0.412109375 0.10078125 0.10078125
24 0.39296875 0.8015625 0.040625 0.040625
1 0.83828125 0.8390625 0.046875 0.0640625
22 0.838671875 0.645703125 0.09609375 0.04296875
1 0.838671875 0.4359375 0.04765625 0.0765625
24 0.5828125 0.29140625 0.05625 0.0484375
16 0.310546875 0.95703125 0.04765625 0.0484375
14 0.2953125 0.264453125 0.090625 0.09921875
