17 0.875 0.878125 0.0921875 0.0359375
29 0.89765625 0.621875 0.103125 0.103125
26 0.121484375 0.5140625 0.10078125 0.1
13 0.326171875 0.515234375 0.06171875 0.04765625
24 0.794140625 0.959375 0.04609375 0.0359375
13 0.229296875 0.426953125 0.04765625 0.06171875
17 0.43046875 0.90703125 0.09375 0.0359375
29 0.89765625 0.18203125 0.103125 0.103125
9 0.816796875 0.287109375 0.07421875 0.06015625
12 0.584765625 0.2921875 0.07578125 0.0484375
24 0.096875 0.737109375 0.05625 0.03828125
8 0.789453125 0.515234375 0.07890625 0.04765625
28 0.45234375 0.403515625 0.1 0.09921875
