21 0.574609375 0.56875 0.02578125 0.0484375
20 0.715625 0.3453125 0.0609375 0.0578125
29 0.271484375 0.345703125 0.09921875 0.09921875
11 0.392578125 0.887890625 0.04765625 0.07890625
20 0.391796875 0.70078125 0.06015625 0.0625
11 0.39296875 0.429296875 0.0484375 0.08671875
11 0.70390625 0.123046875 0.0734375 0.04765625
31 0.170703125 0.912109375 0.10078125 0.10078125
1 0.838671875 0.9359375 0.04765625 0.0765625
24 0.5828125 0.79140625 0.05625 0.0484375
14 0.2953125 0.764453125 0.090625 0.09921875
