4 0.061328125 0.45546875 0.04765625 0.0640625
9 0.065234375 0.651171875 0.05546875 0.08671875
13 0.729296875 0.926953125 0.04765625 0.06171875
27 0.390234375 0.123046875 0.09921875 0.09921875
27 0.506640625 0.244140625 0.10078125 0.10078125
20 0.621484375 0.12109375 0.06171875 0.0546875
18 0.31953125 0.193359375 0.1171875 0.03515625
32 0.283984375 0.462109375 0.09921875 0.09921875
27 0.406640625 0.56875 0.09921875 0.096875
22 0.283984375 0.651953125 0.09140625 0.03828125
15 0.952734375 0.263671875 0.04921875 0.05078125
6 0.953515625 0.4625 0.04921875 0.084375
12 0.8671875 0.347265625 0.08125 0.04765625
