21 0.074609375 0.56875 0.02578125 0.0484375
20 0.215625 0.3453125 0.0609375 0.0578125
4 0.561328125 0.45546875 0.04765625 0.0640625
9 0.565234375 0.651171875 0.05546875 0.08671875
27 0.890234375 0.123046875 0.09921875 0.09921875
11 0.20390625 0.123046875 0.0734375 0.04765625
18 0.81953125 0.193359375 0.1171875 0.03515625
32 0.783984375 0.462109375 0.09921875 0.09921875
27 0.906640625 0.56875 0.09921875 0.096875
22 0.783984375 0.651953125 0.09140625 0.03828125
1 0.338671875 0.9359375 0.04765625 0.0765625
24 0.0828125 0.79140625 0.05625 0.0484375
