7 0.04296875 0.508203125 0.075 0.06015625
20 0.393359375 0.161328125 0.05546875 0.06328125
12 0.2546875 0.069921875 0.084375 0.05078125
21 0.615625 0.180078125 0.0484375 0.02578125
30 0.616015625 0.6265625 0.08828125 0.0875
3 0.171875 0.184375 0.05 0.0734375
9 0.30078125 0.287109375 0.0734375 0.05859375
16 0.296875 0.958984375 0.046875 0.04921875
19 0.271484375 0.70234375 0.03828125 0.11875
6 0.508984375 0.73671875 0.07109375 0.046875
8 0.39296875 0.859375 0.046875 0.075
6 0.392578125 0.61640625 0.04765625 0.0765625
18 0.0875 0.924609375 0.0375 0.11796875
