21 0.39765625 0.67109375 0.0484375 0.025
9 0.048828125 0.17734375 0.07265625 0.0578125
29 0.39765625 0.506640625 0.09375 0.09921875
27 0.398046875 0.28984375 0.10078125 0.1
7 0.75625 0.17734375 0.0796875 0.0609375
30 0.175390625 0.286328125 0.08515625 0.08671875
18 0.51875 0.369921875 0.0359375 0.11796875
6 0.519140625 0.628125 0.06953125 0.0484375
29 0.28515625 0.627734375 0.1 0.09921875
30 0.175 0.5109375 0.090625 0.090625
3 0.844140625 0.31171875 0.04765625 0.0671875
30 0.620703125 0.062890625 0.08671875 0.08671875
