21 0.109375 0.56875 0.025 0.0484375
20 0.893359375 0.661328125 0.05546875 0.06328125
12 0.7546875 0.569921875 0.084375 0.05078125
29 0.548046875 0.56875 0.09921875 0.096875
8 0.447265625 0.486328125 0.04921875 0.08828125
16 0.225390625 0.619140625 0.04921875 0.04609375
28 0.103515625 0.79140625 0.11171875 0.1125
3 0.671875 0.684375 0.05 0.0734375
22 0.29453125 0.79140625 0.0484375 0.0609375
9 0.80078125 0.787109375 0.0734375 0.05859375
5 0.225390625 0.9171875 0.04765625 0.084375
23 0.225 0.4515625 0.053125 0.1125
