21 0.39765625 0.087109375 0.0484375 0.02578125
14 0.3125 0.765625 0.0765625 0.1015625
25 0.175390625 0.699609375 0.07265625 0.07265625
2 0.17578125 0.885546875 0.0484375 0.07578125
16 0.28203125 0.56875 0.0453125 0.0484375
3 0.705078125 0.5703125 0.06328125 0.0484375
12 0.477734375 0.566796875 0.06484375 0.04765625
6 0.523828125 0.346484375 0.06796875 0.04921875
23 0.39765625 0.44765625 0.040625 0.1125
28 0.730078125 0.79140625 0.09921875 0.0984375
17 0.952734375 0.367578125 0.03671875 0.09453125
25 0.620703125 0.20078125 0.05703125 0.0578125
