22 0.557421875 0.682421875 0.03828125 0.09921875
14 0.3203125 0.43359375 0.0734375 0.0984375
15 0.447265625 0.376953125 0.04921875 0.04765625
22 0.44765625 0.17265625 0.06875 0.0375
9 0.673046875 0.7625 0.05546875 0.0859375
7 0.665234375 0.5765625 0.06015625 0.0734375
16 0.796875 0.458984375 0.046875 0.04921875
4 0.549609375 0.90625 0.07578125 0.0484375
19 0.771484375 0.20234375 0.03828125 0.11875
4 0.22578125 0.11015625 0.0484375 0.0734375
23 0.225 0.356640625 0.04375 0.11171875
16 0.78046875 0.681640625 0.046875 0.04921875
27 0.89296875 0.568359375 0.096875 0.09921875
8 0.89296875 0.359375 0.046875 0.075
6 0.892578125 0.11640625 0.04765625 0.0765625
10 0.90234375 0.7796875 0.0671875 0.0859375
31 0.776171875 0.905078125 0.09921875 0.09609375
18 0.5875 0.424609375 0.0375 0.11796875
