21 0.109375 0.06875 0.025 0.0484375
14 0.3203125 0.93359375 0.0734375 0.0984375
15 0.447265625 0.876953125 0.04921875 0.04765625
22 0.44765625 0.67265625 0.06875 0.0375
7 0.54296875 0.508203125 0.075 0.06015625
20 0.893359375 0.161328125 0.05546875 0.06328125
12 0.7546875 0.069921875 0.084375 0.05078125
29 0.548046875 0.06875 0.09921875 0.096875
16 0.225390625 0.119140625 0.04921875 0.04609375
28 0.103515625 0.29140625 0.11171875 0.1125
3 0.671875 0.184375 0.05 0.0734375
22 0.29453125 0.29140625 0.0484375 0.0609375
9 0.80078125 0.287109375 0.0734375 0.05859375
16 0.796875 0.958984375 0.046875 0.04921875
19 0.771484375 0.70234375 0.03828125 0.11875
4 0.22578125 0.61015625 0.0484375 0.0734375
5 0.225390625 0.4171875 0.04765625 0.084375
23 0.225 0.856640625 0.04375 0.11171875
8 0.89296875 0.859375 0.046875 0.075
6 0.892578125 0.61640625 0.04765625 0.0765625
18 0.5875 0.924609375 0.0375 0.11796875
