14 0.8125 0.265625 0.0765625 0.1015625
25 0.675390625 0.199609375 0.07265625 0.07265625
2 0.67578125 0.385546875 0.0484375 0.07578125
9 0.33671875 0.2875 0.071875 0.0578125
16 0.78203125 0.06875 0.0453125 0.0484375
18 0.863671875 0.896484375 0.11953125 0.03515625
23 0.89765625 0.6203125 0.0640625 0.1125
23 0.675 0.62421875 0.05625 0.1125
8 0.318359375 0.5140625 0.08671875 0.046875
24 0.0875 0.514453125 0.040625 0.05859375
3 0.23046875 0.369140625 0.046875 0.08203125
6 0.22890625 0.159375 0.0484375 0.0828125
23 0.2296875 0.634375 0.053125 0.1125
