22 0.057421875 0.682421875 0.03828125 0.09921875
30 0.616015625 0.1265625 0.08828125 0.0875
9 0.173046875 0.7625 0.05546875 0.0859375
7 0.165234375 0.5765625 0.06015625 0.0734375
16 0.296875 0.458984375 0.046875 0.04921875
4 0.049609375 0.90625 0.07578125 0.0484375
19 0.271484375 0.20234375 0.03828125 0.11875
6 0.508984375 0.23671875 0.07109375 0.046875
16 0.28046875 0.681640625 0.046875 0.04921875
27 0.39296875 0.568359375 0.096875 0.09921875
8 0.39296875 0.359375 0.046875 0.075
6 0.392578125 0.11640625 0.04765625 0.0765625
10 0.40234375 0.7796875 0.0671875 0.0859375
27 0.510546875 0.905078125 0.09921875 0.09609375
31 0.276171875 0.905078125 0.09921875 0.09609375
18 0.0875 0.424609375 0.0375 0.11796875
