21 0.025390625 0.1234375 0.02578125 0.0484375
11 0.18671875 0.12421875 0.0671875 0.0484375
5 0.465625 0.345703125 0.08125 0.04765625
8 0.8953125 0.346484375 0.0859375 0.04765625
21 0.115625 0.680078125 0.0484375 0.02578125
6 0.3375 0.235546875 0.05 0.08203125
29 0.459765625 0.790625 0.09921875 0.0984375
10 0.79375 0.20703125 0.065625 0.0953125
24 0.784375 0.38671875 0.053125 0.053125
17 0.80546875 0.721484375 0.09375 0.03984375
17 0.5390625 0.940234375 0.0921875 0.03515625
9 0.565234375 0.430078125 0.05546875 0.08828125
