21 0.50703125 0.619921875 0.0484375 0.02578125
1 0.81953125 0.513671875 0.0625 0.04921875
30 0.7296875 0.183203125 0.0859375 0.08671875
32 0.3921875 0.29140625 0.1015625 0.1015625
12 0.14765625 0.29296875 0.0625 0.046875
7 0.737109375 0.38515625 0.06171875 0.078125
1 0.178515625 0.06875 0.06484375 0.046875
12 0.362109375 0.068359375 0.06484375 0.04765625
31 0.506640625 0.169921875 0.10078125 0.10078125
15 0.28203125 0.355078125 0.0484375 0.04765625
15 0.283984375 0.16953125 0.04921875 0.0484375
