32 0.8921875 0.79140625 0.1015625 0.1015625
12 0.64765625 0.79296875 0.0625 0.046875
16 0.199609375 0.7890625 0.04921875 0.0484375
5 0.409765625 0.5703125 0.06484375 0.0484375
1 0.678515625 0.56875 0.06484375 0.046875
12 0.862109375 0.568359375 0.06484375 0.04765625
7 0.44140625 0.13046875 0.084375 0.0609375
15 0.784765625 0.509765625 0.04921875 0.05078125
24 0.509765625 0.79140625 0.05546875 0.0453125
15 0.78203125 0.855078125 0.0484375 0.04765625
15 0.783984375 0.66953125 0.04921875 0.0484375
32 0.338671875 0.458984375 0.09921875 0.09921875
