21 0.6703125 0.29140625 0.025 0.0484375
18 0.269921875 0.771484375 0.03671875 0.11953125
28 0.056640625 0.737109375 0.10078125 0.10078125
24 0.843359375 0.115625 0.05078125 0.0359375
3 0.72578125 0.067578125 0.06875 0.04765625
11 0.507421875 0.069140625 0.07734375 0.04765625
20 0.300390625 0.067578125 0.06171875 0.05390625
11 0.96015625 0.2921875 0.0609375 0.0484375
22 0.729296875 0.73671875 0.03828125 0.0640625
32 0.280859375 0.514453125 0.09921875 0.09921875
29 0.05859375 0.5140625 0.1 0.1
8 0.844140625 0.3921875 0.04765625 0.078125
