15 0.630078125 0.122265625 0.04765625 0.04921875
3 0.9375 0.344921875 0.0578125 0.04765625
3 0.66640625 0.34453125 0.0796875 0.05
19 0.500390625 0.3796875 0.03984375 0.1203125
3 0.201171875 0.34453125 0.07265625 0.05
9 0.870703125 0.564453125 0.08515625 0.05859375
21 0.115625 0.902734375 0.0484375 0.02578125
24 0.116015625 0.435546875 0.05859375 0.05859375
26 0.783984375 0.237109375 0.09453125 0.09921875
9 0.7875 0.6609375 0.0546875 0.0890625
17 0.02265625 0.546484375 0.0359375 0.09296875
32 0.673046875 0.56875 0.10078125 0.1
1 0.338671875 0.484375 0.04765625 0.06875
