17 0.7078125 0.91640625 0.09375 0.0359375
15 0.130078125 0.122265625 0.04765625 0.04921875
3 0.4375 0.344921875 0.0578125 0.04765625
3 0.16640625 0.34453125 0.0796875 0.05
18 0.795703125 0.53359375 0.03515625 0.11875
9 0.370703125 0.564453125 0.08515625 0.05859375
3 0.953125 0.228515625 0.046875 0.06015625
9 0.819140625 0.339453125 0.08515625 0.06015625
6 0.6296875 0.12265625 0.059375 0.0484375
26 0.283984375 0.237109375 0.09453125 0.09921875
9 0.2875 0.6609375 0.0546875 0.0890625
32 0.173046875 0.56875 0.10078125 0.1
