16 0.721484375 0.90390625 0.05078125 0.0484375
6 0.071484375 0.68125 0.08046875 0.046875
12 0.246875 0.237890625 0.071875 0.04765625
27 0.393359375 0.787109375 0.10546875 0.10546875
31 0.393359375 0.5609375 0.10390625 0.1046875
22 0.8390625 0.531640625 0.06875 0.04296875
8 0.838671875 0.122265625 0.04765625 0.08203125
7 0.609765625 0.098828125 0.06015625 0.07109375
14 0.944140625 0.707421875 0.09140625 0.09921875
21 0.72734375 0.459375 0.025 0.0484375
25 0.477734375 0.905078125 0.05859375 0.05859375
