21 0.52421875 0.5734375 0.025 0.0484375
15 0.69609375 0.79609375 0.0484375 0.0515625
31 0.497265625 0.795703125 0.09921875 0.09921875
32 0.838671875 0.470703125 0.10234375 0.10234375
6 0.838671875 0.681640625 0.04765625 0.08359375
20 0.281640625 0.573046875 0.06640625 0.06015625
31 0.94453125 0.5734375 0.1078125 0.1078125
20 0.394140625 0.455078125 0.05859375 0.06171875
18 0.358984375 0.188671875 0.11953125 0.03671875
26 0.06171875 0.573046875 0.10625 0.10703125
8 0.616015625 0.19921875 0.04765625 0.0671875
4 0.758203125 0.351171875 0.06328125 0.05078125
