6 0.571484375 0.18125 0.08046875 0.046875
20 0.894140625 0.955078125 0.05859375 0.06171875
18 0.858984375 0.688671875 0.11953125 0.03671875
26 0.893359375 0.511328125 0.10078125 0.10078125
27 0.893359375 0.287109375 0.10546875 0.10546875
31 0.893359375 0.0609375 0.10390625 0.1046875
18 0.482421875 0.056640625 0.11953125 0.03671875
2 0.340625 0.628125 0.0625 0.05
5 0.447265625 0.545703125 0.04765625 0.07265625
2 0.52734375 0.405078125 0.0734375 0.04765625
18 0.412890625 0.3234375 0.11796875 0.0359375
