9 0.065234375 0.791796875 0.05546875 0.07578125
25 0.061328125 0.529296875 0.05859375 0.05859375
18 0.880859375 0.272265625 0.03671875 0.11796875
31 0.617578125 0.237109375 0.09921875 0.09921875
10 0.9421875 0.79296875 0.065625 0.0984375
16 0.507421875 0.290625 0.04921875 0.0484375
16 0.507421875 0.73359375 0.04921875 0.0484375
25 0.594140625 0.905078125 0.06484375 0.06484375
15 0.3296875 0.9046875 0.0484375 0.0484375
24 0.7296875 0.830078125 0.04375 0.05390625
32 0.610546875 0.682421875 0.10078125 0.10078125
