25 0.616015625 0.528125 0.06796875 0.0671875
16 0.721484375 0.40390625 0.05078125 0.0484375
6 0.071484375 0.18125 0.08046875 0.046875
20 0.394140625 0.955078125 0.05859375 0.06171875
18 0.358984375 0.688671875 0.11953125 0.03671875
26 0.393359375 0.511328125 0.10078125 0.10078125
27 0.393359375 0.287109375 0.10546875 0.10546875
31 0.393359375 0.0609375 0.10390625 0.1046875
8 0.616015625 0.69921875 0.04765625 0.0671875
4 0.758203125 0.851171875 0.06328125 0.05078125
22 0.8390625 0.031640625 0.06875 0.04296875
14 0.944140625 0.207421875 0.09140625 0.09921875
25 0.477734375 0.405078125 0.05859375 0.05859375
