21 0.6703125 0.79140625 0.025 0.0484375
24 0.843359375 0.615625 0.05078125 0.0359375
3 0.72578125 0.567578125 0.06875 0.04765625
11 0.507421875 0.569140625 0.07734375 0.04765625
20 0.300390625 0.567578125 0.06171875 0.05390625
32 0.620703125 0.228515625 0.09765625 0.09921875
3 0.50703125 0.12421875 0.0765625 0.0484375
14 0.262890625 0.1484375 0.08515625 0.096875
11 0.96015625 0.7921875 0.0609375 0.0484375
29 0.500390625 0.34609375 0.10859375 0.1078125
8 0.844140625 0.8921875 0.04765625 0.078125
11 0.17421875 0.46953125 0.0484375 0.0796875
