8 0.896875 0.579296875 0.0484375 0.06953125
18 0.769921875 0.271484375 0.03671875 0.11953125
28 0.556640625 0.237109375 0.10078125 0.10078125
18 0.380859375 0.272265625 0.03671875 0.11796875
31 0.117578125 0.237109375 0.09921875 0.09921875
22 0.75078125 0.9046875 0.0484375 0.06875
10 0.4421875 0.79296875 0.065625 0.0984375
22 0.54921875 0.682421875 0.040625 0.08359375
25 0.094140625 0.905078125 0.06484375 0.06484375
24 0.2296875 0.830078125 0.04375 0.05390625
32 0.110546875 0.682421875 0.10078125 0.10078125
