25 0.51953125 0.73671875 0.0609375 0.0609375
30 0.175 0.619140625 0.0859375 0.08671875
30 0.060546875 0.514453125 0.08671875 0.08671875
28 0.620703125 0.39453125 0.10078125 0.1
19 0.253515625 0.326171875 0.03671875 0.11953125
23 0.5015625 0.5140625 0.1125 0.0609375
24 0.225390625 0.514453125 0.06171875 0.05859375
15 0.175390625 0.448046875 0.05078125 0.04765625
7 0.702734375 0.296484375 0.06328125 0.06171875
13 0.31953125 0.960546875 0.065625 0.04765625
27 0.6203125 0.84140625 0.1015625 0.1015625
4 0.54765625 0.9609375 0.08125 0.0484375
17 0.419921875 0.44375 0.09296875 0.0375
