32 0.349609375 0.459765625 0.09921875 0.09921875
30 0.675 0.119140625 0.0859375 0.08671875
7 0.904296875 0.54296875 0.06015625 0.065625
3 0.230078125 0.138671875 0.04765625 0.08203125
16 0.3 0.23671875 0.0484375 0.05
22 0.09140625 0.905078125 0.0484375 0.07109375
19 0.41796875 0.77421875 0.1203125 0.0390625
16 0.4515625 0.611328125 0.05 0.04453125
13 0.81953125 0.460546875 0.065625 0.04765625
9 0.23359375 0.807421875 0.0546875 0.07109375
24 0.478515625 0.905078125 0.05546875 0.03515625
24 0.45234375 0.960546875 0.0484375 0.05078125
13 0.451171875 0.12265625 0.04921875 0.0796875
