7 0.904296875 0.04296875 0.06015625 0.065625
31 0.775 0.627734375 0.10625 0.10546875
14 0.872265625 0.5609375 0.09765625 0.075
22 0.09140625 0.405078125 0.0484375 0.07109375
19 0.41796875 0.27421875 0.1203125 0.0390625
16 0.4515625 0.111328125 0.05 0.04453125
25 0.135546875 0.627734375 0.07109375 0.07109375
3 0.523046875 0.628125 0.08046875 0.0484375
9 0.23359375 0.307421875 0.0546875 0.07109375
21 0.2296875 0.51640625 0.0484375 0.025
24 0.478515625 0.405078125 0.05546875 0.03515625
24 0.45234375 0.460546875 0.0484375 0.05078125
