7 0.591015625 0.676953125 0.07890625 0.05859375
13 0.673828125 0.551171875 0.04765625 0.06328125
30 0.777734375 0.237109375 0.09140625 0.09140625
5 0.372265625 0.2359375 0.07421875 0.0484375
1 0.896484375 0.352734375 0.04765625 0.08046875
24 0.45234375 0.708984375 0.0609375 0.03828125
26 0.337890625 0.905078125 0.09921875 0.09609375
21 0.118359375 0.905078125 0.02578125 0.04765625
22 0.2296875 0.83125 0.06875 0.0359375
12 0.89921875 0.8265625 0.0484375 0.075
12 0.896875 0.571875 0.0484375 0.0765625
26 0.787109375 0.682421875 0.09921875 0.09765625
18 0.640234375 0.094921875 0.11796875 0.03828125
