21 0.838671875 0.438671875 0.04765625 0.02578125
21 0.615625 0.680078125 0.0484375 0.02578125
17 0.1109375 0.159765625 0.0359375 0.09296875
23 0.73046875 0.182421875 0.1125 0.06328125
21 0.95 0.628125 0.025 0.0484375
11 0.392578125 0.739453125 0.04765625 0.07890625
6 0.2953125 0.627734375 0.0734375 0.04921875
28 0.39296875 0.066796875 0.096875 0.09921875
12 0.616015625 0.301171875 0.04765625 0.08046875
9 0.486328125 0.625 0.06640625 0.0578125
27 0.616015625 0.062890625 0.09921875 0.09921875
19 0.428125 0.498046875 0.11875 0.03515625
