10 0.27421875 0.93671875 0.0671875 0.0890625
25 0.283984375 0.75703125 0.06328125 0.0640625
21 0.50703125 0.7390625 0.0484375 0.025
16 0.5078125 0.325390625 0.0484375 0.04609375
22 0.147265625 0.18203125 0.04609375 0.096875
24 0.95234375 0.208984375 0.0609375 0.03828125
26 0.837890625 0.405078125 0.09921875 0.09609375
21 0.618359375 0.405078125 0.02578125 0.04765625
22 0.7296875 0.33125 0.06875 0.0359375
30 0.39375 0.85078125 0.0890625 0.0890625
21 0.7296875 0.51640625 0.0484375 0.025
26 0.283984375 0.08125 0.10078125 0.1
