28 0.776171875 0.56875 0.10703125 0.10625
9 0.89765625 0.8734375 0.0546875 0.0859375
21 0.78203125 0.79140625 0.025 0.0484375
19 0.858203125 0.405078125 0.11796875 0.03515625
13 0.138671875 0.567578125 0.08359375 0.04921875
28 0.3453125 0.56875 0.1015625 0.1015625
15 0.565234375 0.569140625 0.04765625 0.04921875
18 0.35 0.75703125 0.0359375 0.1203125
25 0.538671875 0.791796875 0.07890625 0.07890625
3 0.368359375 0.123046875 0.06796875 0.04921875
20 0.44765625 0.233984375 0.05625 0.05703125
30 0.448046875 0.466796875 0.08671875 0.08671875
