21 0.838671875 0.666796875 0.04765625 0.02578125
25 0.49765625 0.06875 0.0625 0.0625
28 0.276171875 0.06875 0.10703125 0.10625
9 0.39765625 0.3734375 0.0546875 0.0859375
21 0.28203125 0.29140625 0.025 0.0484375
30 0.393359375 0.845703125 0.08671875 0.08671875
9 0.3125 0.7328125 0.0765625 0.0546875
18 0.135546875 0.619921875 0.11796875 0.03515625
15 0.065234375 0.069140625 0.04765625 0.04921875
2 0.924609375 0.29140625 0.08203125 0.046875
4 0.254296875 0.958984375 0.07109375 0.04921875
8 0.0390625 0.959375 0.06875 0.0484375
23 0.49453125 0.29140625 0.1125 0.0640625
1 0.1703125 0.8515625 0.046875 0.0828125
2 0.284375 0.515625 0.075 0.05
