28 0.776171875 0.06875 0.10703125 0.10625
9 0.89765625 0.3734375 0.0546875 0.0859375
21 0.78203125 0.29140625 0.025 0.0484375
30 0.893359375 0.845703125 0.08671875 0.08671875
9 0.8125 0.7328125 0.0765625 0.0546875
18 0.635546875 0.619921875 0.11796875 0.03515625
13 0.138671875 0.067578125 0.08359375 0.04921875
28 0.3453125 0.06875 0.1015625 0.1015625
15 0.565234375 0.069140625 0.04765625 0.04921875
14 0.11640625 0.933203125 0.090625 0.09921875
6 0.3328125 0.95859375 0.075 0.0484375
4 0.754296875 0.958984375 0.07109375 0.04921875
8 0.5390625 0.959375 0.06875 0.0484375
1 0.6703125 0.8515625 0.046875 0.0828125
18 0.35 0.25703125 0.0359375 0.1203125
25 0.538671875 0.291796875 0.07890625 0.07890625
2 0.784375 0.515625 0.075 0.05
