7 0.091015625 0.676953125 0.07890625 0.05859375
13 0.173828125 0.551171875 0.04765625 0.06328125
31 0.730078125 0.23671875 0.10234375 0.1015625
30 0.277734375 0.237109375 0.09140625 0.09140625
1 0.396484375 0.352734375 0.04765625 0.08046875
26 0.94375 0.682421875 0.1 0.10078125
31 0.726171875 0.905078125 0.09921875 0.09765625
12 0.39921875 0.8265625 0.0484375 0.075
12 0.396875 0.571875 0.0484375 0.0765625
18 0.808984375 0.301171875 0.11953125 0.03515625
26 0.287109375 0.682421875 0.09921875 0.09765625
18 0.140234375 0.094921875 0.11796875 0.03828125
