16 0.42265625 0.346484375 0.0484375 0.04921875
2 0.61953125 0.345703125 0.084375 0.04921875
15 0.95234375 0.73203125 0.0484375 0.0484375
27 0.830859375 0.345703125 0.09921875 0.09921875
20 0.82109375 0.790625 0.065625 0.05
19 0.471484375 0.9140625 0.11796875 0.0359375
16 0.0609375 0.258203125 0.0515625 0.04921875
2 0.194921875 0.791015625 0.08359375 0.04765625
17 0.48515625 0.715625 0.09375 0.0390625
16 0.1265625 0.568359375 0.0484375 0.04921875
24 0.506640625 0.409765625 0.05078125 0.05390625
18 0.09609375 0.644921875 0.11875 0.03515625
