21 0.838671875 0.938671875 0.04765625 0.02578125
21 0.838671875 0.166796875 0.04765625 0.02578125
17 0.1109375 0.659765625 0.0359375 0.09296875
23 0.73046875 0.682421875 0.1125 0.06328125
28 0.39296875 0.566796875 0.096875 0.09921875
30 0.393359375 0.345703125 0.08671875 0.08671875
9 0.3125 0.2328125 0.0765625 0.0546875
18 0.135546875 0.119921875 0.11796875 0.03515625
12 0.616015625 0.801171875 0.04765625 0.08046875
27 0.616015625 0.562890625 0.09921875 0.09921875
4 0.254296875 0.458984375 0.07109375 0.04921875
8 0.0390625 0.459375 0.06875 0.0484375
1 0.1703125 0.3515625 0.046875 0.0828125
